,Country,Total Cases,New Cases,Total Deaths,New Deaths,Total Recovered,New Recovered,Active Cases,Serious/Critical,Tot Cases/1M,Deaths/1M,Total Tests,Tests/1M,Population,Continent,%Inc Cases,%Inc Deaths,%Inc Recovered
0,World,118621421,461464.0,2631396,10042.0,94245376,380784.0,21744649,89786,15218.0,337.6,-1,-1,-1,All,0.38902248523898564,0.3816225303983133,0.4040346764598828
1,USA,29862124,60355.0,542191,1610.0,20640270,90499.0,8679663,12607,89854.0,1631.0,373104726,1122655,332341490,North America,0.20211221412113886,0.2969433280891789,0.438458411638995
2,India,11284311,22841.0,158213,134.0,10935803,18179.0,190295,8944,8122.0,114.0,223479877,160853,1389345702,Asia,0.20241377608256278,0.08469594786774791,0.1662337918852415
3,Brazil,11205972,80955.0,270917,2349.0,9913739,70521.0,1021316,8318,52462.0,1268.0,28600000,133894,213601044,South America,0.7224272914478101,0.8670552235555539,0.7113461429638203
4,Russia,4351553,9079.0,90275,466.0,3945527,13350.0,315751,2300,29810.0,618.0,113800000,779571,145977728,Europe,0.20863815745780873,0.5162004984768762,0.33835784167742355
5,UK,4234924,5926.0,124987,190.0,3348489,32555.0,761448,1293,62158.0,1834.0,99640760,1462465,68132056,Europe,0.1399316729178611,0.152015809644203,0.9722295638420793
6,France,3963165,30303.0,89565,264.0,269019,1480.0,3604581,3918,60624.0,1370.0,55656279,851361,65373300,Europe,0.7646161590546949,0.2947579969854296,0.5501470156383006
7,Spain,3178442,6672.0,71961,234.0,2823433,-1.0,283048,2320,67963.0,1539.0,40292390,861550,46767300,Europe,0.20991416549366013,0.32517613707424853,-3.541787603955893e-05
8,Italy,3123368,22409.0,100811,332.0,2535483,13752.0,487074,2827,51711.0,1669.0,43234541,715800,60400305,Europe,0.7174626877140318,0.329329140669173,0.5423818657036944
9,Turkey,2821943,14556.0,29227,67.0,2649862,9193.0,142854,1309,33214.0,344.0,34548238,406624,84963623,Asia,0.5158148127017448,0.22924008622164435,0.3469237265940642
10,Germany,2532855,12246.0,73276,295.0,2328700,9100.0,130879,2848,30164.0,873.0,45114160,537272,83968953,Europe,0.4834860266379244,0.40258747748239526,0.3907759694250011
11,Colombia,2285960,3588.0,60773,97.0,2187473,3838.0,37714,1982,44599.0,1186.0,11819803,230603,51256145,South America,0.15695812700134737,0.15961035328188505,0.1754535941700766
12,Argentina,2169694,7693.0,53359,107.0,1961640,5049.0,154695,3491,47705.0,1173.0,7837030,172313,45481402,South America,0.3545661277581078,0.2005284956614629,0.2573866764543953
13,Mexico,2137884,7407.0,191789,866.0,1681336,5340.0,264759,4798,16462.0,1477.0,5656885,43560,129865108,North America,0.3464640738225273,0.45153788799149064,0.3176045716025827
14,Poland,1828313,17260.0,45997,398.0,1507905,4552.0,274411,1902,48345.0,1216.0,10396659,274913,37817932,Europe,0.9440396693563958,0.8652738222057961,0.30187578129921977
15,Iran,1715162,8603.0,60928,61.0,1464268,7509.0,189966,3823,20242.0,719.0,11467053,135333,84732072,Asia,0.5015852729946209,0.10011817226890755,0.5128159599199054
16,South Africa,1524174,1477.0,51015,109.0,1445979,1697.0,27180,546,25478.0,853.0,9336101,156062,59822837,Africa,0.09690494654809753,0.21366264824071352,0.1173599339962752
17,Ukraine,1416438,6377.0,27423,219.0,1204916,5687.0,184099,177,32523.0,630.0,7154442,164275,43551614,Europe,0.45021384628201166,0.7985997155672245,0.4719831091959938
18,Indonesia,1398578,5633.0,37932,175.0,1216433,5556.0,144213,-1,5076.0,138.0,11379656,41303,275514280,Asia,0.4027662382791664,0.46135189286090905,0.4567452543625502
19,Peru,1387457,7434.0,48323,160.0,1294623,6556.0,44511,2204,41681.0,1452.0,8046193,241718,33287453,South America,0.5358003887688051,0.3311052707820292,0.5064022499214057
20,Czechia,1351371,15325.0,22514,199.0,1178527,374.0,150330,1853,126029.0,2100.0,9044059,843449,10722709,Europe,1.1340335111527478,0.883894465665808,0.0317345296289351
21,Netherlands,1133474,5272.0,15948,31.0,0,0.0,0,560,66049.0,929.0,6970400,406175,17161066,Europe,0.4651187411444815,0.1943817406571357,
22,Canada,896739,3221.0,22335,31.0,843962,2927.0,30442,549,23617.0,588.0,25428680,669703,37970105,North America,0.3591903552761729,0.1387956122677412,0.3468165628310279
23,Chile,867949,3885.0,21206,24.0,818337,4249.0,28406,1881,45137.0,1103.0,9854165,512457,19229245,South America,0.4476069446476694,0.11317551636329341,0.5192237427856738
24,Romania,840116,4564.0,21156,100.0,770854,3635.0,48106,1140,43873.0,1105.0,6611402,345266,19148700,Europe,0.5432583119473977,0.4726791453961051,0.4715549247976919
25,Portugal,811948,642.0,16617,22.0,738179,3961.0,57152,283,79790.0,1633.0,8453880,830756,10176124,Europe,0.0790691029474794,0.13239453571643497,0.5365907185113638
26,Israel,811492,3230.0,5950,17.0,768937,4492.0,36605,642,88229.0,647.0,12676066,1378194,9197590,Asia,0.39803226649184464,0.2857142857142857,0.5841830995257089
27,Belgium,791171,2163.0,22327,35.0,53650,62.0,715194,436,68061.0,1921.0,9837669,846292,11624438,Europe,0.2733922249425219,0.15676087248622744,0.11556383970177074
28,Iraq,740472,4846.0,13645,27.0,671288,3135.0,55539,417,18131.0,334.0,7235035,177156,40839991,Asia,0.6544474335288842,0.1978746793697325,0.4670126681841475
29,Sweden,701892,-1.0,13088,34.0,0,0.0,0,216,69202.0,1290.0,6378529,628879,10142695,Europe,-0.00014247206122879305,0.2597799511002445,
30,Philippines,603308,2886.0,12545,17.0,546293,221.0,44470,785,5456.0,113.0,9139683,82650,110583559,Asia,0.4783626273810392,0.13551215623754484,0.04045448138636226
31,Pakistan,595239,1786.0,13324,43.0,565216,1393.0,16699,1664,2659.0,60.0,9318038,41630,223831323,Asia,0.30004754392773325,0.322725908135695,0.24645445281096076
32,Switzerland,567903,1491.0,10082,17.0,525165,1084.0,32656,162,65289.0,1159.0,5319389,611547,8698250,Europe,0.26254483600192285,0.16861733782979568,0.20641131834756693
33,Bangladesh,553105,1018.0,8496,7.0,506613,1264.0,37996,-1,3336.0,51.0,4197970,25317,165818974,Asia,0.1840518527223583,0.08239171374764595,0.24950011152497076
34,Serbia,498696,4590.0,4620,21.0,400347,-1.0,93729,212,57236.0,530.0,3089025,354531,8712992,Europe,0.9204004042542951,0.45454545454545453,-0.0002497833129759933
35,Morocco,487286,453.0,8705,10.0,473738,530.0,4843,274,13095.0,234.0,5754933,154655,37211482,Africa,0.09296388568520335,0.11487650775416428,0.11187618472657884
36,Austria,481919,2528.0,8776,19.0,449053,2012.0,24090,315,53299.0,971.0,5828023,644561,9041847,Europe,0.5245694815933798,0.2164995442114859,0.44805401589567384
37,Hungary,480860,5653.0,16325,179.0,340844,1898.0,123691,844,49864.0,1693.0,3922530,406759,9643370,Europe,1.1756020463336523,1.0964777947932618,0.5568529884639307
38,Jordan,448851,6649.0,5106,60.0,379305,3827.0,64440,519,43693.0,497.0,4999212,486642,10272869,Asia,1.4813379050063384,1.1750881316098707,1.0089505806672732
39,Japan,441729,1058.0,8353,54.0,421421,1161.0,11955,364,3500.0,66.0,8714615,69049,126208366,Asia,0.23951336679276206,0.6464743206033761,0.2754964750214156
40,UAE,417909,2204.0,1353,8.0,398126,1693.0,18430,-1,41906.0,136.0,32883045,3297344,9972587,Asia,0.5273875413068395,0.5912786400591279,0.425242259988044
41,Lebanon,405407,3581.0,5180,46.0,318800,4017.0,81427,936,59581.0,761.0,3199801,470264,6804268,Asia,0.8833098589812214,0.8880308880308879,1.2600376411543288
42,Saudi Arabia,380958,386.0,6545,6.0,371583,245.0,2830,528,10827.0,186.0,14130542,401594,35186108,Asia,0.1013235054782942,0.09167303284950344,0.06593412508107206
43,Panama,346301,542.0,5957,13.0,333675,670.0,6669,195,79401.0,1366.0,1986095,455381,4361396,North America,0.1565112431093182,0.21823065301326172,0.2007941859593916
44,Slovakia,329593,3600.0,8146,109.0,255300,-1.0,66147,693,60349.0,1492.0,2154136,394424,5461470,Europe,1.092256206897598,1.3380800392830838,-0.00039169604386995695
45,Malaysia,317717,1448.0,1191,5.0,298516,2137.0,18010,151,9731.0,36.0,6642173,203429,32651098,Asia,0.45575150212295845,0.41981528127623846,0.7158745259885567
46,Belarus,298123,609.0,2063,8.0,288613,564.0,7447,-1,31557.0,218.0,5032074,532654,9447173,Europe,0.20427809997886778,0.3877847794474067,0.19541739284093235
47,Ecuador,296841,1727.0,16105,36.0,256009,-1.0,24727,534,16651.0,903.0,1048308,58804,17827025,South America,0.5817929463921763,0.22353306426575598,-0.00039061126757262434
48,Nepal,274973,104.0,3012,-1.0,271050,63.0,911,-1,9322.0,102.0,2203438,74703,29496163,Asia,0.03782189524062362,-0.033200531208499334,0.02324294410625346
49,Georgia,273650,513.0,3613,12.0,267111,96.0,2926,-1,68690.0,907.0,2882950,723656,3983867,Asia,0.18746574090992144,0.3321339606974813,0.03594011478374159
50,Bulgaria,269579,2774.0,10999,97.0,220049,2531.0,38531,501,39001.0,1591.0,1792497,259325,6912161,Europe,1.0290119037462118,0.8818983543958542,1.1501983649096337
51,Bolivia,255621,885.0,11858,13.0,199842,842.0,43921,71,21695.0,1006.0,764495,64884,11782447,South America,0.3462156865046299,0.10963062911114858,0.42133285295383355
52,Croatia,248061,962.0,5625,4.0,238455,334.0,3981,82,60685.0,1376.0,1403628,343377,4087715,Europe,0.38780783758833515,0.07111111111111111,0.14006835671300663
53,Dominican Republic,244168,390.0,3198,7.0,199646,699.0,41324,176,22354.0,293.0,1236163,113173,10922800,North America,0.15972609023295437,0.2188868042526579,0.35011971189004537
54,Tunisia,239368,755.0,8292,24.0,205719,543.0,25357,275,20109.0,697.0,1017194,85452,11903738,Africa,0.31541392333143947,0.2894356005788712,0.26395228442681523
55,Azerbaijan,237775,515.0,3257,7.0,230116,201.0,4402,-1,23306.0,319.0,2671613,261868,10202123,Asia,0.21659131531910422,0.21492170709241634,0.08734725095169393
56,Ireland,224588,631.0,4499,47.0,23364,-1.0,196725,92,45137.0,904.0,3673049,738192,4975737,Europe,0.28095891142892765,1.0446765947988441,-0.004280089025851737
57,Kazakhstan,220018,693.0,2821,-1.0,203467,773.0,13730,221,11622.0,149.0,7822859,413226,18931182,Asia,0.31497422938123243,-0.03544842254519674,0.37991418755867046
58,Denmark,217798,2007.0,2382,1.0,207439,1018.0,7977,43,37511.0,410.0,19493228,3357263,5806286,Europe,0.9214960651612962,0.041981528127623846,0.49074667733647
59,Greece,212091,2629.0,6886,43.0,179672,-1.0,25533,479,20417.0,663.0,5689821,547742,10387775,Europe,1.2395622633680825,0.6244554167876851,-0.000556569749320985
60,Costa Rica,207832,-1.0,2848,-1.0,188151,-1.0,16833,139,40543.0,556.0,717791,140025,5126156,North America,-0.0004811578582701413,-0.0351123595505618,-0.0005314880069731227
61,Kuwait,204388,1333.0,1144,3.0,189155,988.0,14089,188,47378.0,265.0,1877135,435131,4313950,Asia,0.6521909309744213,0.26223776223776224,0.5223229626496789
62,Lithuania,203386,460.0,3351,8.0,189479,409.0,10556,148,75443.0,1243.0,2190057,812373,2695875,Europe,0.22617092621911045,0.23873470605789318,0.21585505517761863
63,Palestine,202378,1996.0,2193,23.0,179810,1689.0,20375,153,39050.0,423.0,1253414,241855,5182511,Asia,0.9862732115150856,1.0487916096671226,0.939324842889717
64,Moldova,198228,1753.0,4183,33.0,174099,958.0,19946,337,49219.0,1039.0,753549,187102,4027473,Europe,0.8843352099602477,0.7889074826679418,0.5502616327491829
65,Slovenia,197374,952.0,3908,4.0,183002,1087.0,10464,92,94931.0,1880.0,956075,459842,2079136,Europe,0.4823330327196084,0.1023541453428864,0.5939825794253615
66,Egypt,188361,645.0,11128,46.0,145418,501.0,31815,90,1817.0,107.0,1000000,9647,103657333,Africa,0.34242757258668194,0.41337167505391803,0.3445240616704947
67,Guatemala,180393,830.0,6522,29.0,166410,513.0,7461,5,9943.0,359.0,959290,52875,18142761,North America,0.46010654515419114,0.44464888071143827,0.30827474310438074
68,Armenia,175538,340.0,3237,5.0,165259,163.0,7042,-1,59162.0,1091.0,757660,255356,2967070,Asia,0.1936902551014595,0.15446400988569664,0.09863305478067759
69,Honduras,174508,265.0,4297,14.0,68284,199.0,101927,440,17429.0,429.0,463301,46271,10012743,North America,0.1518555023265409,0.3258087037468001,0.29142991037431903
70,Paraguay,174013,2028.0,3387,27.0,144144,1251.0,26482,327,24193.0,471.0,791262,110008,7192788,South America,1.1654301690103614,0.7971656333038087,0.8678821178821178
71,Ethiopia,169878,1543.0,2466,15.0,140035,503.0,27377,438,1453.0,21.0,2200130,18819,116909397,Africa,0.9082988968553904,0.6082725060827251,0.35919591530688755
72,Qatar,168361,473.0,264,-1.0,156919,307.0,11178,114,59962.0,94.0,1597367,568902,2807805,Asia,0.28094392406792545,-0.3787878787878788,0.19564233776661843
73,Nigeria,159646,394.0,1993,5.0,139983,927.0,17670,10,762.0,10.0,1601396,7639,209630676,Africa,0.24679603623015922,0.2508780732563974,0.6622232699684961
74,Oman,145257,426.0,1600,3.0,135227,222.0,8430,72,27959.0,308.0,1550000,298344,5195338,Asia,0.2932733018030112,0.1875,0.16416839832282015
75,Venezuela,143321,-1.0,1399,-1.0,135389,-1.0,6533,139,5050.0,49.0,2962352,104381,28380156,South America,-0.0006977344562206515,-0.07147962830593281,-0.0007386124426652091
76,Myanmar,142073,14.0,3200,-1.0,131707,5.0,7166,-1,2599.0,59.0,2506825,45861,54661300,Asia,0.009854089095042689,-0.03125,0.0037963054355501227
77,Libya,141598,910.0,2330,33.0,128928,926.0,10340,-1,20416.0,336.0,767280,110631,6935506,Africa,0.6426644444130567,1.4163090128755365,0.7182303301067262
78,Bosnia and Herzegovina,139652,1110.0,5382,37.0,119336,201.0,14934,-1,42751.0,1648.0,698295,213764,3266670,Europe,0.7948328702775471,0.6874767744332962,0.16843199034658443
79,Bahrain,128428,628.0,476,2.0,121776,670.0,6176,58,73734.0,273.0,32425200,18616192,1741774,Asia,0.48898993988849787,0.42016806722689076,0.5501905137301274
80,Albania,114840,631.0,1986,17.0,77498,714.0,35356,46,39936.0,691.0,490642,170621,2875623,Europe,0.5494601184256357,0.8559919436052367,0.9213140984283466
81,Algeria,114681,138.0,3026,4.0,79428,109.0,32227,19,2583.0,68.0,-1,-1,44394002,Africa,0.12033379548486672,0.13218770654329146,0.1372312031021806
82,Kenya,110356,713.0,1898,12.0,87903,167.0,20555,89,2022.0,35.0,1345887,24658,54581787,Africa,0.6460908333031281,0.6322444678609063,0.18998213940366085
83,North Macedonia,109262,912.0,3244,16.0,96173,351.0,9845,124,52446.0,1557.0,551917,264922,2083315,Europe,0.8346909263971006,0.4932182490752158,0.364967298514136
84,S. Korea,93733,470.0,1648,3.0,84312,412.0,7773,123,1827.0,32.0,6938884,135262,51299687,Asia,0.5014242582654987,0.1820388349514563,0.4886611632982257
85,Latvia,91636,639.0,1726,21.0,81858,966.0,8052,84,48958.0,922.0,1617179,864011,1871712,Europe,0.6973241957309354,1.2166859791425262,1.1800923550538738
86,Ghana,86737,-1.0,656,-1.0,81299,-1.0,4782,90,2752.0,21.0,929189,29482,31517045,Africa,-0.0011529105226143399,-0.1524390243902439,-0.0012300274296116803
87,Sri Lanka,86685,342.0,511,-1.0,83210,457.0,2964,-1,4037.0,24.0,2225675,103639,21475225,Asia,0.3945319259387437,-0.19569471624266144,0.5492128349957938
88,Kyrgyzstan,86640,34.0,1476,1.0,83666,60.0,1498,16,13131.0,224.0,774559,117392,6598061,Asia,0.039242843951985226,0.06775067750677506,0.07171371883441302
89,Zambia,83333,436.0,1140,3.0,79556,394.0,2637,192,4448.0,61.0,1143003,61008,18735154,Africa,0.5232020928083713,0.2631578947368421,0.49524862989592233
90,Montenegro,81457,654.0,1100,8.0,71233,585.0,9124,69,129684.0,1751.0,299137,476241,628121,Europe,0.8028775918582811,0.7272727272727273,0.8212485786082293
91,Uzbekistan,80268,21.0,622,-1.0,78994,55.0,652,27,2375.0,18.0,1377915,40764,33802407,Asia,0.026162356107041408,-0.1607717041800643,0.06962554118034281
92,Estonia,78973,1484.0,677,8.0,57463,257.0,20833,53,59506.0,510.0,1002711,755536,1327152,Europe,1.8791232446532358,1.1816838995568686,0.4472443137323147
93,Norway,77169,685.0,632,-1.0,66014,-1.0,10523,20,14158.0,116.0,3910562,717474,5450455,Europe,0.8876621441252317,-0.15822784810126583,-0.0015148301875359772
94,Uruguay,66484,957.0,678,12.0,57134,735.0,8672,91,19093.0,195.0,1086087,311911,3482043,South America,1.439444076770351,1.7699115044247788,1.2864493996569468
95,Finland,63889,779.0,776,-1.0,46000,-1.0,17113,40,11518.0,140.0,3533756,637095,5546668,Europe,1.2193022273004743,-0.12886597938144329,-0.002173913043478261
96,Mozambique,63174,292.0,707,7.0,48451,722.0,14016,-1,1983.0,22.0,445498,13986,31852751,Africa,0.46221546838889416,0.9900990099009901,1.4901653216651873
97,El Salvador,61677,138.0,1929,6.0,58208,250.0,1540,51,9476.0,296.0,792031,121686,6508788,North America,0.2237462911620215,0.3110419906687403,0.4294942275975811
98,Singapore,60062,10.0,29,-1.0,59911,6.0,122,1,10211.0,5.0,7805264,1326963,5882050,Asia,0.016649462222370216,-3.4482758620689653,0.01001485536879705
99,Cuba,58379,772.0,357,5.0,53450,857.0,4572,73,5156.0,32.0,2576974,227611,11321834,North America,1.3223933263673582,1.400560224089636,1.6033676333021516
100,Luxembourg,57056,234.0,673,5.0,53453,187.0,2930,24,90141.0,1063.0,2206982,3486725,632967,Europe,0.4101233875490746,0.7429420505200593,0.3498400463958992
101,Afghanistan,55901,7.0,2451,-1.0,49499,90.0,3951,1084,1414.0,62.0,313982,7943,39528110,Asia,0.012522137349957961,-0.04079967360261118,0.18182185498696943
102,Uganda,40520,30.0,334,-1.0,15095,20.0,25091,-1,867.0,7.0,896145,19179,46724486,Africa,0.07403751233958539,-0.29940119760479045,0.13249420337860218
103,Namibia,40451,114.0,448,4.0,38043,150.0,1960,26,15725.0,174.0,315952,122821,2572457,Africa,0.2818224518553311,0.8928571428571428,0.3942906710827222
104,Cyprus,38065,415.0,235,2.0,2057,-1.0,35773,30,31370.0,194.0,2377547,1959380,1213418,Asia,1.0902403783002759,0.851063829787234,-0.04861448711716091
105,Cameroon,36794,-1.0,566,-1.0,32936,-1.0,3292,53,1363.0,21.0,905000,33522,26997350,Africa,-0.0027178344295265533,-0.17667844522968199,-0.003036191401505951
106,Zimbabwe,36341,20.0,1489,-1.0,33953,34.0,899,22,2421.0,99.0,355865,23706,15011546,Africa,0.05503425882611926,-0.0671591672263264,0.10013842664860248
107,Senegal,36195,156.0,935,5.0,31467,283.0,3793,40,2123.0,55.0,405705,23802,17045174,Africa,0.4309987567343555,0.53475935828877,0.8993548797152572
108,Ivory Coast,36028,551.0,206,-1.0,32966,84.0,2856,-1,1343.0,8.0,445505,16608,26824609,Africa,1.5293660486288443,-0.48543689320388345,0.25480798398349813
109,Botswana,32912,-1.0,413,-1.0,27765,-1.0,4734,1,13805.0,173.0,846715,355143,2384149,Africa,-0.003038405444822557,-0.24213075060532688,-0.003601656762110571
110,Malawi,32614,86.0,1077,3.0,24381,690.0,7156,60,1675.0,55.0,205313,10546,19467533,Africa,0.26369043968847733,0.2785515320334262,2.830072597514458
111,Australia,29074,13.0,909,-1.0,26209,5.0,1956,-1,1131.0,35.0,14733958,573230,25703415,Australia/Oceania,0.044713489715897364,-0.11001100110011,0.019077416154756
112,Sudan,28766,-1.0,1915,-1.0,23268,-1.0,3583,-1,646.0,43.0,-1,-1,44549353,Africa,-0.003476326218452339,-0.05221932114882506,-0.0042977479800584495
113,Jamaica,28273,808.0,463,3.0,14645,50.0,13165,29,9519.0,156.0,234520,78961,2970088,North America,2.8578502458175645,0.6479481641468683,0.3414134516899966
114,DRC,26738,54.0,712,-1.0,22432,-1.0,3594,-1,292.0,8.0,-1,-1,91416350,Africa,0.20195975764829086,-0.1404494382022472,-0.004457917261055635
115,Thailand,26540,39.0,85,-1.0,25946,95.0,509,1,380.0,1.0,1588637,22720,69920970,Asia,0.146948003014318,-1.1764705882352942,0.36614507053110307
116,Malta,25357,510.0,337,2.0,21838,361.0,3182,18,57323.0,762.0,737897,1668110,442355,Europe,2.0112789367827424,0.5934718100890208,1.6530817840461582
117,Angola,21161,47.0,516,-1.0,19761,84.0,884,10,630.0,15.0,402283,11986,33562497,Africa,0.22210670573224325,-0.1937984496124031,0.4250797024442083
118,Maldives,21144,110.0,64,-1.0,18534,106.0,2546,179,38649.0,117.0,562454,1028113,547074,Asia,0.520242149073023,-1.5625,0.5719218733139095
119,Madagascar,20155,-1.0,300,-1.0,19543,-1.0,312,23,715.0,11.0,122057,4332,28177203,Africa,-0.004961548002976929,-0.33333333333333337,-0.005116921659929386
120,Rwanda,19846,67.0,271,1.0,18118,85.0,1457,16,1507.0,21.0,1047310,79513,13171603,Africa,0.3375995162753199,0.36900369003690037,0.4691467049343195
121,French Polynesia,18509,14.0,141,-1.0,4842,-1.0,13526,2,65628.0,500.0,26355,93448,282028,Australia/Oceania,0.07563887838348912,-0.7092198581560284,-0.020652622883106157
122,Mayotte,18413,-1.0,129,-1.0,2964,-1.0,15320,24,66398.0,465.0,143569,517713,277314,Africa,-0.005430945527616358,-0.7751937984496124,-0.033738191632928474
123,Mauritania,17385,20.0,442,-1.0,16736,21.0,207,14,3673.0,93.0,182621,38584,4733102,Africa,0.11504170261719873,-0.22624434389140274,0.12547801147227533
124,Guinea,17208,198.0,101,3.0,15403,142.0,1704,24,1286.0,8.0,152455,11398,13375898,Africa,1.1506276150627615,2.9702970297029703,0.9218983314938648
125,Eswatini,17203,12.0,658,-1.0,15513,65.0,1032,36,14723.0,563.0,154809,132493,1168432,Africa,0.06975527524269023,-0.1519756838905775,0.419003416489396
126,French Guiana,16693,-1.0,87,-1.0,9995,-1.0,6611,6,54917.0,286.0,153467,504877,303969,South America,-0.005990534954771461,-1.1494252873563218,-0.010005002501250627
127,Gabon,16313,298.0,93,2.0,14374,327.0,1846,23,7213.0,41.0,566147,250326,2261642,Africa,1.826763930607491,2.1505376344086025,2.2749408654515095
128,Syria,16187,70.0,1079,5.0,10625,84.0,4483,-1,910.0,61.0,-1,-1,17791224,Asia,0.43244578983134613,0.46339202965708987,0.7905882352941176
129,Cabo Verde,15892,66.0,155,1.0,15236,77.0,501,23,28371.0,277.0,125300,223693,560143,Africa,0.41530329725648124,0.6451612903225806,0.5053819900236283
130,Réunion,13801,-1.0,71,-1.0,12389,-1.0,1341,58,15339.0,79.0,98785,109796,899717,Africa,-0.007245851749873198,-1.4084507042253522,-0.008071676487206393
131,Haiti,12594,-1.0,250,-1.0,9967,-1.0,2377,-1,1095.0,22.0,54379,4729,11498123,North America,-0.007940289026520565,-0.4,-0.010033109260559848
132,Belize,12355,10.0,316,-1.0,11962,5.0,77,2,30690.0,785.0,89209,221595,402577,North America,0.08093889113719142,-0.31645569620253167,0.041799030262497906
133,Burkina Faso,12230,23.0,143,-1.0,11886,2.0,201,-1,574.0,7.0,-1,-1,21294381,Africa,0.18806214227309895,-0.6993006993006993,0.016826518593303048
134,Andorra,11130,41.0,112,-1.0,10708,23.0,310,17,143891.0,1448.0,193595,2502844,77350,Europe,0.36837376460017973,-0.8928571428571428,0.2147926783713112
135,Hong Kong,11129,8.0,203,1.0,10675,13.0,251,14,1476.0,27.0,9296529,1233143,7538891,Asia,0.07188426633120676,0.49261083743842365,0.12177985948477751
136,Guadeloupe,10614,465.0,162,-1.0,2242,-1.0,8210,8,26524.0,405.0,141058,352494,400171,North America,4.381006218202374,-0.6172839506172839,-0.04460303300624443
137,Lesotho,10525,-1.0,309,-1.0,3922,-1.0,6294,-1,4886.0,143.0,62593,29060,2153952,Africa,-0.009501187648456056,-0.3236245954692557,-0.025497195308516064
138,Congo,9329,150.0,131,-1.0,7514,-1.0,1684,-1,1663.0,23.0,92500,16486,5610902,Africa,1.6078893772108478,-0.7633587786259541,-0.013308490817141336
139,South Sudan,9092,133.0,102,-1.0,5914,1000.0,3076,8,806.0,9.0,117756,10436,11283999,Africa,1.4628244610646723,-0.9803921568627451,16.909029421711192
140,Suriname,8990,5.0,175,-1.0,8498,11.0,317,2,15231.0,296.0,42192,71481,590252,South America,0.05561735261401557,-0.5714285714285714,0.12944222169922334
141,Guyana,8928,81.0,205,1.0,8211,11.0,512,8,11313.0,260.0,72120,91387,789171,South America,0.9072580645161291,0.4878048780487805,0.133966630130313
142,Somalia,8713,136.0,327,8.0,4054,23.0,4332,-1,538.0,20.0,-1,-1,16195700,Africa,1.560886032365431,2.4464831804281344,0.5673408978786384
143,Mali,8710,97.0,358,-1.0,6452,2.0,1900,-1,422.0,17.0,157586,7632,20648538,Africa,1.113662456946039,-0.27932960893854747,0.030998140111593304
144,Bahamas,8642,-1.0,185,-1.0,7483,-1.0,974,1,21833.0,467.0,70352,177732,395831,North America,-0.011571395510298543,-0.5405405405405406,-0.013363624214887078
145,Aruba,8227,50.0,77,-1.0,7929,36.0,221,11,76831.0,719.0,110870,1035404,107079,North America,0.6077549532028685,-1.2987012987012987,0.4540295119182747
146,Trinidad and Tobago,7743,7.0,140,-1.0,7509,6.0,94,2,5520.0,100.0,101043,72039,1402618,North America,0.09040423608420509,-0.7142857142857143,0.07990411506192568
147,Togo,7737,57.0,92,-1.0,6534,74.0,1111,-1,920.0,11.0,248163,29503,8411398,Africa,0.7367196587824738,-1.0869565217391304,1.1325374961738597
148,Martinique,6928,-1.0,47,-1.0,98,-1.0,6783,3,18472.0,125.0,108633,289639,375064,North America,-0.014434180138568129,-2.127659574468085,-1.0204081632653061
149,Nicaragua,6537,-1.0,175,-1.0,4225,-1.0,2137,-1,979.0,26.0,-1,-1,6678765,North America,-0.01529753709652746,-0.5714285714285714,-0.023668639053254437
150,Benin,6501,163.0,81,-1.0,5552,169.0,868,35,527.0,7.0,520466,42177,12340011,Africa,2.5073065682202738,-1.2345679012345678,3.0439481268011526
151,Equatorial Guinea,6371,-1.0,96,-1.0,5739,-1.0,536,24,4442.0,67.0,101517,70776,1434345,Africa,-0.01569612305760477,-1.0416666666666665,-0.017424638438752395
152,Djibouti,6227,46.0,63,-1.0,5950,10.0,214,-1,6240.0,63.0,118899,119153,997869,Africa,0.738718484021198,-1.5873015873015872,0.16806722689075632
153,Iceland,6069,2.0,29,-1.0,6023,1.0,17,1,17706.0,85.0,510299,1488750,342770,Europe,0.03295435821387378,-3.4482758620689653,0.016603021749958494
154,CAR,5023,-1.0,63,-1.0,4920,-1.0,40,2,1028.0,13.0,37104,7592,4887367,Africa,-0.019908421262193908,-1.5873015873015872,-0.02032520325203252
155,Curaçao,4862,32.0,22,-1.0,4686,4.0,154,5,29546.0,134.0,53869,327360,164556,North America,0.658165364047717,-4.545454545454546,0.08536064874093044
156,Niger,4848,13.0,179,2.0,4477,62.0,192,23,195.0,7.0,83291,3358,24801718,Africa,0.26815181518151815,1.1173184357541899,1.3848559303104757
157,Gambia,4792,-1.0,153,-1.0,4203,-1.0,436,8,1946.0,62.0,45147,18330,2462978,Africa,-0.020868113522537562,-0.6535947712418301,-0.023792529145848205
158,Gibraltar,4256,1.0,93,-1.0,4139,3.0,24,1,126351.0,2761.0,195753,5811454,33684,Europe,0.023496240601503758,-1.0752688172043012,0.0724812756704518
159,Chad,4231,17.0,149,1.0,3729,5.0,353,-1,253.0,9.0,-1,-1,16747259,Africa,0.40179626565823684,0.6711409395973155,0.13408420488066505
160,Channel Islands,4043,-1.0,86,-1.0,3955,-1.0,2,1,23107.0,492.0,388235,2218904,174967,Europe,-0.02473410833539451,-1.1627906976744187,-0.025284450063211124
161,San Marino,4030,46.0,77,-1.0,3477,20.0,476,10,118599.0,2266.0,46159,1358417,33980,Europe,1.141439205955335,-1.2987012987012987,0.5752085130859937
162,Saint Lucia,3941,39.0,47,1.0,3722,127.0,172,2,21395.0,255.0,33260,180559,184206,North America,0.9895965490992134,2.127659574468085,3.4121440085975285
163,Sierra Leone,3928,6.0,79,-1.0,2769,28.0,1080,-1,486.0,10.0,116448,14397,8088085,Africa,0.15274949083503053,-1.2658227848101267,1.0111953773925604
164,Comoros,3611,5.0,146,-1.0,3427,-1.0,38,-1,4093.0,165.0,-1,-1,882282,Africa,0.13846579894765992,-0.684931506849315,-0.02918004085205719
165,Mongolia,3481,109.0,3,-1.0,2797,32.0,681,7,1050.0,0.9,1946136,587154,3314526,Asia,3.131284113760414,-33.33333333333333,1.144082946013586
166,Barbados,3353,20.0,37,-1.0,3002,87.0,314,-1,11658.0,129.0,131362,456724,287618,North America,0.5964807634953773,-2.7027027027027026,2.898067954696869
167,Guinea-Bissau,3327,8.0,51,2.0,2696,10.0,580,7,1664.0,26.0,54137,27071,1999803,Africa,0.24045686804929364,3.9215686274509802,0.370919881305638
168,Seychelles,3032,-1.0,15,-1.0,2809,-1.0,208,-1,30699.0,152.0,5200,52649,98767,Africa,-0.032981530343007916,-6.666666666666667,-0.0355998576005696
169,Eritrea,2988,44.0,7,-1.0,2538,102.0,443,-1,835.0,2.0,23693,6618,3580149,Africa,1.4725568942436411,-14.285714285714285,4.0189125295508275
170,Yemen,2627,41.0,661,7.0,1452,1.0,514,23,87.0,22.0,17404,575,30275469,Asia,1.5607156452226874,1.059001512859304,0.06887052341597796
171,Liechtenstein,2594,-1.0,55,-1.0,2519,-1.0,20,1,67899.0,1440.0,28293,740577,38204,Europe,-0.03855050115651503,-1.8181818181818181,-0.03969829297340214
172,Vietnam,2529,3.0,35,-1.0,2004,-1.0,490,-1,26.0,0.4,2598753,26534,97941814,Asia,0.11862396204033215,-2.857142857142857,-0.049900199600798396
173,New Zealand,2410,1.0,26,-1.0,2304,-1.0,80,-1,482.0,5.0,1795324,358914,5002100,Australia/Oceania,0.04149377593360996,-3.8461538461538463,-0.043402777777777776
174,Burundi,2369,30.0,3,-1.0,773,-1.0,1593,-1,195.0,0.2,90019,7420,12132125,Africa,1.2663571127057829,-33.33333333333333,-0.129366106080207
175,Turks and Caicos,2190,13.0,15,-1.0,2071,51.0,104,5,56043.0,384.0,17437,446222,39077,North America,0.593607305936073,-6.666666666666667,2.4625784645098987
176,Sint Maarten,2077,1.0,27,-1.0,2034,3.0,16,1,48066.0,625.0,21103,488371,43211,North America,0.04814636494944632,-3.7037037037037033,0.14749262536873156
177,Monaco,2062,14.0,26,-1.0,1875,6.0,161,4,52290.0,659.0,51953,1317467,39434,Europe,0.6789524733268671,-3.8461538461538463,0.32
178,Liberia,2026,-1.0,85,-1.0,1898,-1.0,43,2,394.0,17.0,76815,14948,5138962,Africa,-0.04935834155972359,-1.1764705882352942,-0.052687038988408846
179,Sao Tome and Principe,2010,33.0,32,-1.0,1696,47.0,282,-1,9056.0,144.0,11592,52228,221949,Africa,1.6417910447761193,-3.125,2.7712264150943398
180,Papua New Guinea,1741,71.0,21,5.0,846,-1.0,874,-1,192.0,2.0,47490,5240,9063183,Australia/Oceania,4.0781160252728315,23.809523809523807,-0.1182033096926714
181,St. Vincent Grenadines,1670,7.0,8,-1.0,1107,7.0,555,2,15020.0,72.0,37889,340781,111183,North America,0.41916167664670656,-12.5,0.6323396567299007
182,Saint Martin,1571,-1.0,12,-1.0,1399,-1.0,160,7,40161.0,307.0,22204,567616,39118,North America,-0.06365372374283895,-8.333333333333332,-0.07147962830593281
183,Cambodia,1124,64.0,-1,-1.0,549,11.0,575,-1,67.0,-1.0,547407,32433,16877961,Asia,5.6939501779359425,100.0,2.0036429872495445
184,Isle of Man,1026,74.0,25,-1.0,417,-1.0,584,2,12022.0,293.0,37625,440868,85343,Europe,7.212475633528265,-4.0,-0.2398081534772182
185,Taiwan,978,1.0,10,-1.0,936,4.0,32,-1,41.0,0.4,444634,18646,23846563,Asia,0.10224948875255625,-10.0,0.4273504273504274
186,Antigua and Barbuda,882,20.0,23,1.0,489,34.0,370,45,8955.0,234.0,16075,163218,98488,North America,2.2675736961451247,4.3478260869565215,6.952965235173824
187,Bhutan,868,-1.0,1,-1.0,866,-1.0,1,-1,1116.0,1.0,544778,700721,777454,Asia,-0.1152073732718894,-100.0,-0.11547344110854503
188,Bermuda,731,7.0,12,-1.0,690,-1.0,29,-1,11768.0,193.0,180120,2899596,62119,North America,0.957592339261286,-8.333333333333332,-0.14492753623188406
189,Faeroe Islands,660,-1.0,1,-1.0,657,-1.0,2,-1,13472.0,20.0,234051,4777429,48991,Europe,-0.15151515151515152,-100.0,-0.15220700152207
190,Mauritius,641,-1.0,10,-1.0,588,-1.0,43,-1,503.0,8.0,289552,227416,1273226,Africa,-0.15600624024961,-10.0,-0.17006802721088435
191,St. Barth,638,-1.0,1,-1.0,462,-1.0,175,-1,64457.0,101.0,19114,1931097,9898,North America,-0.1567398119122257,-100.0,-0.21645021645021645
192,Caribbean Netherlands,622,35.0,6,1.0,470,17.0,146,-1,23569.0,227.0,7308,276913,26391,North America,5.627009646302251,16.666666666666664,3.6170212765957444
193,Tanzania,509,-1.0,21,-1.0,183,-1.0,305,7,8.0,0.3,-1,-1,60894519,Africa,-0.19646365422396855,-4.761904761904762,-0.546448087431694
194,Cayman Islands,460,-1.0,2,-1.0,430,4.0,28,-1,6943.0,30.0,75971,1146680,66253,North America,-0.21739130434782608,-50.0,0.9302325581395349
195,Brunei ,192,1.0,3,-1.0,183,-1.0,6,-1,436.0,7.0,108546,246492,440363,Asia,0.5208333333333333,-33.33333333333333,-0.546448087431694
196,British Virgin Islands,153,-1.0,1,-1.0,131,-1.0,21,-1,5038.0,33.0,13223,435397,30370,North America,-0.6535947712418301,-100.0,-0.7633587786259541
197,Dominica,151,-1.0,-1,-1.0,138,-1.0,13,-1,2094.0,-1.0,12122,168107,72109,North America,-0.6622516556291391,100.0,-0.7246376811594203
198,Timor-Leste,145,3.0,-1,-1.0,94,-1.0,51,-1,109.0,-1.0,23131,17318,1335655,Asia,2.0689655172413794,100.0,-1.0638297872340425
199,New Caledonia,74,4.0,-1,-1.0,58,-1.0,16,-1,257.0,-1.0,24021,83584,287388,Australia/Oceania,5.405405405405405,100.0,-1.7241379310344827
200,Fiji,66,-1.0,2,-1.0,57,-1.0,7,-1,73.0,2.0,32164,35701,900923,Australia/Oceania,-1.5151515151515151,-50.0,-1.7543859649122806
201,Wallis and Futuna,66,47.0,-1,-1.0,7,-1.0,59,1,5945.0,-1.0,1202,108269,11102,Australia/Oceania,71.21212121212122,100.0,-14.285714285714285
202,Macao,48,-1.0,-1,-1.0,47,-1.0,1,-1,73.0,-1.0,4369,6666,655418,Asia,-2.083333333333333,100.0,-2.127659574468085
203,Laos,47,-1.0,-1,-1.0,42,-1.0,5,-1,6.0,-1.0,119288,16234,7348083,Asia,-2.127659574468085,100.0,-2.380952380952381
204,Vatican City,27,-1.0,-1,-1.0,15,-1.0,12,-1,33666.0,-1.0,-1,-1,802,Europe,-3.7037037037037033,100.0,-6.666666666666667
205,Montserrat,20,-1.0,1,-1.0,14,-1.0,5,-1,4005.0,200.0,947,189628,4994,North America,-5.0,-100.0,-7.142857142857142
206,Solomon Islands,18,-1.0,-1,-1.0,16,2.0,2,-1,26.0,-1.0,4500,6443,698395,Australia/Oceania,-5.555555555555555,100.0,12.5
207,Western Sahara,10,-1.0,1,-1.0,8,-1.0,1,-1,16.0,2.0,-1,-1,607375,Africa,-10.0,-100.0,-12.5
208,Samoa,3,-1.0,-1,-1.0,2,-1.0,1,-1,15.0,-1.0,-1,-1,199323,Australia/Oceania,-33.33333333333333,100.0,-50.0
209,Vanuatu,3,-1.0,-1,-1.0,1,-1.0,2,-1,10.0,-1.0,470,1506,312053,Australia/Oceania,-33.33333333333333,100.0,-100.0
210,Total:,118621421,461464.0,2631396,10042.0,94245376,380784.0,21744649,89786,15218.0,337.6,-1,-1,-1,All,0.38902248523898564,0.3816225303983133,0.4040346764598828
